13
128
2
145
194
67
163
42
48
1
81
190
154
129
32
84
113
12
155
71
131
58
199
139
187
105
17
140
142
55
165
6
99
188
134
198
22
28
30
108
3
111
10
86
50
43
144
158
102
119
23
110
89
62
64
161
53
167
160
8
121
54
49
51
29
93
38
68
122
14
178
170
162
118
92
80
16
25
4
174
185
18
133
74
126
147
91
24
66
11
44
79
26
171
172
169
100
175
87
182
7
193
189
143
83
63
107
183
9
98
151
39
73
70
112
15
94
141
192
77
156
41
116
61
181
57
47
150
159
109
166
186
101
78
127
179
60
31
59
114
82
69
46
106
148
132
88
125
33
76
40
27
72
52
196
197
164
20
45
56
135
180
123
115
120
195
21
173
90
176
168
157
117
184
35
103
200
152
137
153
104
37
136
97
177
146
130
85
75
65
95
138
96
191
5
36
149
124
34
19